id,date,count
167473,1.4.2025,
185155,19.4.2025,17682
191817,25.4.2025,6662
205575,6.5.2025,13758
214384,12.5.2025,8809
222871,17.5.2025,8487
225096,18.5.2025,2225
226989,19.5.2025,1893
228560,20.5.2025,1571
230020,21.5.2025,1460
246193,29.5.2025,16173
252049,1.6.2025,5856
261010,5.6.2025,8961
273450,10.6.2025,12440
279150,12.6.2025,5700
